255 255 255 255 255 255 255 255 255 255 255 255 255 255 255 255
255 255 255 255 255 253 223 194 194 223 253 255 255 255 255 255
255 255 255 253 223  90  45  81  81  45  90 223 253 255 255 255
255 255 253 165  76 186 250 255 255 250 186  76 165 253 255 255
255 255 223  76 246 255 255 255 255 255 255 246  76 223 255 255
255 253  90 186 255 206 192 255 255 192 206 255 186  90 253 255
255 223  45 250 255 119  35 255 255  35 119 255 250  45 223 255
255 194  81 255 255 243 250 255 255 250 243 255 255  81 194 255
255 194  81 255 255 255 255 255 255 255 255 255 255  81 194 255
255 223  45 250 192 177 254 255 255 254 177 192 250  45 223 255
255 253  90 186 236  97 146 246 246 146  97 236 186  90 253 255
255 255 223  76 246 240 106  10  10 106 240 246  76 223 255 255
255 255 253 165  76 186 250 248 248 250 186  76 165 253 255 255
255 255 255 253 223  90  45  81  81  45  90 223 253 255 255 255
255 255 255 255 255 253 223 194 194 223 253 255 255 255 255 255
255 255 255 255 255 255 255 255 255 255 255 255 255 255 255 255
255 255 255 255 255 255 255 255 255 255 255 255 255 255 255 255
255 255 255 255 255 253 223 194 194 223 253 255 255 255 255 255
255 255 255 253 223  90  45  81  81  45  90 223 253 255 255 255
255 255 253 165  76 186 250 255 255 250 186  76 165 253 255 255
255 255 223  76 246 255 255 255 255 255 255 246  76 223 255 255
255 253  90 186 255 206 192 255 255 192 206 255 186  90 253 255
255 223  45 250 255 119  35 255 255  35 119 255 250  45 223 255
255 194  81 255 255 243 250 255 255 250 243 255 255  81 194 255
255 194  81 255 255 255 255 255 255 255 255 255 255  81 194 255
255 223  45 250 192 177 254 255 255 254 177 192 250  45 223 255
255 253  90 186 236  97 146 246 246 146  97 236 186  90 253 255
255 255 223  76 246 240 106  10  10 106 240 246  76 223 255 255
255 255 253 165  76 186 250 248 248 250 186  76 165 253 255 255
255 255 255 253 223  90  45  81  81  45  90 223 253 255 255 255
255 255 255 255 255 253 223 194 194 223 253 255 255 255 255 255
255 255 255 255 255 255 255 255 255 255 255 255 255 255 255 255
255 255 255 255 255 255 255 255 255 255 255 255 255 255 255 255
255 255 255 255 255 253 223 194 194 223 253 255 255 255 255 255
255 255 255 253 223  90  45  81  81  45  90 223 253 255 255 255
255 255 253 165  76 186 250 255 255 250 186  76 165 253 255 255
255 255 223  76 246 255 255 255 255 255 255 246  76 223 255 255
255 253  90 186 255 206 192 255 255 192 206 255 186  90 253 255
255 223  45 250 255 119  35 255 255  35 119 255 250  45 223 255
255 194  81 255 255 243 250 255 255 250 243 255 255  81 194 255
255 194  81 255 255 255 255 255 255 255 255 255 255  81 194 255
255 223  45 250 192 177 254 255 255 254 177 192 250  45 223 255
255 253  90 186 236  97 146 246 246 146  97 236 186  90 253 255
255 255 223  76 246 240 106  10  10 106 240 246  76 223 255 255
255 255 253 165  76 186 250 248 248 250 186  76 165 253 255 255
255 255 255 253 223  90  45  81  81  45  90 223 253 255 255 255
255 255 255 255 255 253 223 194 194 223 253 255 255 255 255 255
255 255 255 255 255 255 255 255 255 255 255 255 255 255 255 255

255 255 255 255 255 255 255 255 255 255 255 255 255 255 255 255
255 255 255 255 255 253 223 194 194 223 253 255 255 255 255 255
255 255 255 253 223  90  45  81  81  45  90 223 253 255 255 255
255 255 253 165  76 186 250 255 255 250 186  76 165 253 255 255
255 255 223  76 246 255 255 255 255 192 236 246  76 223 255 255
255 253  90 186 255 206 119 243 255 177  97 240 186  90 253 255
255 223  45 250 255 192  35 250 255 254 146 106 250  45 223 255
255 194  81 255 255 255 255 255 255 255 246  10 248  81 194 255
255 194  81 255 255 255 255 255 255 255 246  10 248  81 194 255
255 223  45 250 255 192  35 250 255 254 146 106 250  45 223 255
255 253  90 186 255 206 119 243 255 177  97 240 186  90 253 255
255 255 223  76 246 255 255 255 255 192 236 246  76 223 255 255
255 255 253 165  76 186 250 255 255 250 186  76 165 253 255 255
255 255 255 253 223  90  45  81  81  45  90 223 253 255 255 255
255 255 255 255 255 253 223 194 194 223 253 255 255 255 255 255
255 255 255 255 255 255 255 255 255 255 255 255 255 255 255 255
255 255 255 255 255 255 255 255 255 255 255 255 255 255 255 255
255 255 255 255 255 253 223 194 194 223 253 255 255 255 255 255
255 255 255 253 223  90  45  81  81  45  90 223 253 255 255 255
255 255 253 165  76 186 250 255 255 250 186  76 165 253 255 255
255 255 223  76 246 255 255 255 255 192 236 246  76 223 255 255
255 253  90 186 255 206 119 243 255 177  97 240 186  90 253 255
255 223  45 250 255 192  35 250 255 254 146 106 250  45 223 255
255 194  81 255 255 255 255 255 255 255 246  10 248  81 194 255
255 194  81 255 255 255 255 255 255 255 246  10 248  81 194 255
255 223  45 250 255 192  35 250 255 254 146 106 250  45 223 255
255 253  90 186 255 206 119 243 255 177  97 240 186  90 253 255
255 255 223  76 246 255 255 255 255 192 236 246  76 223 255 255
255 255 253 165  76 186 250 255 255 250 186  76 165 253 255 255
255 255 255 253 223  90  45  81  81  45  90 223 253 255 255 255
255 255 255 255 255 253 223 194 194 223 253 255 255 255 255 255
255 255 255 255 255 255 255 255 255 255 255 255 255 255 255 255
255 255 255 255 255 255 255 255 255 255 255 255 255 255 255 255
255 255 255 255 255 253 223 194 194 223 253 255 255 255 255 255
255 255 255 253 223  90  45  81  81  45  90 223 253 255 255 255
255 255 253 165  76 186 250 255 255 250 186  76 165 253 255 255
255 255 223  76 246 255 255 255 255 192 236 246  76 223 255 255
255 253  90 186 255 206 119 243 255 177  97 240 186  90 253 255
255 223  45 250 255 192  35 250 255 254 146 106 250  45 223 255
255 194  81 255 255 255 255 255 255 255 246  10 248  81 194 255
255 194  81 255 255 255 255 255 255 255 246  10 248  81 194 255
255 223  45 250 255 192  35 250 255 254 146 106 250  45 223 255
255 253  90 186 255 206 119 243 255 177  97 240 186  90 253 255
255 255 223  76 246 255 255 255 255 192 236 246  76 223 255 255
255 255 253 165  76 186 250 255 255 250 186  76 165 253 255 255
255 255 255 253 223  90  45  81  81  45  90 223 253 255 255 255
255 255 255 255 255 253 223 194 194 223 253 255 255 255 255 255
255 255 255 255 255 255 255 255 255 255 255 255 255 255 255 255

255 255 255 255 255 255 255 255 255 255 255 255 255 255 255 255
255 255 255 255 255 253 220 191 191 222 253 255 255 255 255 255
255 255 255 252 214  86  52  87  86  50  92 217 252 255 255 255
255 255 252 156  77 192 251 247 247 249 188  78 164 253 255 255
255 255 215  77 255 238  97   2   1 105 240 246  71 229 255 255
255 253  86 192 233  95 153 245 244 149  96 234 183  84 253 255
255 220  52 251 188 182 254 255 255 253 175 192 250  38 223 255
255 190  87 255 255 255 255 255 255 255 255 255 255  75 196 255
255 191  86 255 255 241 250 255 255 248 243 255 255  74 197 255
255 222  50 249 255 112  37 255 255  35 124 255 248  37 225 255
255 253  92 188 255 207 198 255 255 195 212 255 179  91 253 255
255 255 217  78 246 255 255 255 255 255 255 237  73 230 255 255
255 255 252 164  71 183 250 255 255 248 179  73 172 253 255 255
255 255 255 253 228  84  38  75  74  37  91 229 253 255 255 255
255 255 255 255 255 253 223 197 197 225 253 255 255 255 255 255
255 255 255 255 255 255 255 255 255 255 255 255 255 255 255 255
255 255 255 255 255 255 255 255 255 255 255 255 255 255 255 255
255 255 255 255 255 253 220 191 191 222 253 255 255 255 255 255
255 255 255 252 214  86  52  87  86  50  92 217 252 255 255 255
255 255 252 156  77 192 251 247 247 249 188  78 164 253 255 255
255 255 215  77 255 238  97   2   1 105 240 246  71 229 255 255
255 253  86 192 233  95 153 245 244 149  96 234 183  84 253 255
255 220  52 251 188 182 254 255 255 253 175 192 250  38 223 255
255 190  87 255 255 255 255 255 255 255 255 255 255  75 196 255
255 191  86 255 255 241 250 255 255 248 243 255 255  74 197 255
255 222  50 249 255 112  37 255 255  35 124 255 248  37 225 255
255 253  92 188 255 207 198 255 255 195 212 255 179  91 253 255
255 255 217  78 246 255 255 255 255 255 255 237  73 230 255 255
255 255 252 164  71 183 250 255 255 248 179  73 172 253 255 255
255 255 255 253 228  84  38  75  74  37  91 229 253 255 255 255
255 255 255 255 255 253 223 197 197 225 253 255 255 255 255 255
255 255 255 255 255 255 255 255 255 255 255 255 255 255 255 255
255 255 255 255 255 255 255 255 255 255 255 255 255 255 255 255
255 255 255 255 255 253 220 191 191 222 253 255 255 255 255 255
255 255 255 252 214  86  52  87  86  50  92 217 252 255 255 255
255 255 252 156  77 192 251 247 247 249 188  78 164 253 255 255
255 255 215  77 255 238  97   2   1 105 240 246  71 229 255 255
255 253  86 192 233  95 153 245 244 149  96 234 183  84 253 255
255 220  52 251 188 182 254 255 255 253 175 192 250  38 223 255
255 190  87 255 255 255 255 255 255 255 255 255 255  75 196 255
255 191  86 255 255 241 250 255 255 248 243 255 255  74 197 255
255 222  50 249 255 112  37 255 255  35 124 255 248  37 225 255
255 253  92 188 255 207 198 255 255 195 212 255 179  91 253 255
255 255 217  78 246 255 255 255 255 255 255 237  73 230 255 255
255 255 252 164  71 183 250 255 255 248 179  73 172 253 255 255
255 255 255 253 228  84  38  75  74  37  91 229 253 255 255 255
255 255 255 255 255 253 223 197 197 225 253 255 255 255 255 255
255 255 255 255 255 255 255 255 255 255 255 255 255 255 255 255

255 255 255 255 255 255 255 255 255 255 255 255 255 255 255 255
255 255 255 255 255 253 223 196 197 225 253 255 255 255 255 255
255 255 255 253 229  84  38  75  74  37  91 230 253 255 255 255
255 255 252 164  71 183 250 255 255 248 179  73 172 253 255 255
255 255 217  78 246 234 192 255 255 255 255 237  73 229 255 255
255 253  92 188 240  96 175 255 243 124 212 255 179  91 253 255
255 222  50 249 105 149 253 255 248  35 195 255 248  37 225 255
255 191  86 247   1 244 255 255 255 255 255 255 255  74 197 255
255 191  87 247   2 245 255 255 255 255 255 255 255  75 197 255
255 220  52 251  97 153 254 255 250  37 198 255 250  38 223 255
255 253  86 192 238  95 182 255 241 112 207 255 183  84 253 255
255 255 214  77 255 233 188 255 255 255 255 246  71 228 255 255
255 255 252 156  77 192 251 255 255 249 188  78 164 253 255 255
255 255 255 252 215  86  52  87  86  50  92 217 252 255 255 255
255 255 255 255 255 253 220 190 191 222 253 255 255 255 255 255
255 255 255 255 255 255 255 255 255 255 255 255 255 255 255 255
255 255 255 255 255 255 255 255 255 255 255 255 255 255 255 255
255 255 255 255 255 253 223 196 197 225 253 255 255 255 255 255
255 255 255 253 229  84  38  75  74  37  91 230 253 255 255 255
255 255 252 164  71 183 250 255 255 248 179  73 172 253 255 255
255 255 217  78 246 234 192 255 255 255 255 237  73 229 255 255
255 253  92 188 240  96 175 255 243 124 212 255 179  91 253 255
255 222  50 249 105 149 253 255 248  35 195 255 248  37 225 255
255 191  86 247   1 244 255 255 255 255 255 255 255  74 197 255
255 191  87 247   2 245 255 255 255 255 255 255 255  75 197 255
255 220  52 251  97 153 254 255 250  37 198 255 250  38 223 255
255 253  86 192 238  95 182 255 241 112 207 255 183  84 253 255
255 255 214  77 255 233 188 255 255 255 255 246  71 228 255 255
255 255 252 156  77 192 251 255 255 249 188  78 164 253 255 255
255 255 255 252 215  86  52  87  86  50  92 217 252 255 255 255
255 255 255 255 255 253 220 190 191 222 253 255 255 255 255 255
255 255 255 255 255 255 255 255 255 255 255 255 255 255 255 255
255 255 255 255 255 255 255 255 255 255 255 255 255 255 255 255
255 255 255 255 255 253 223 196 197 225 253 255 255 255 255 255
255 255 255 253 229  84  38  75  74  37  91 230 253 255 255 255
255 255 252 164  71 183 250 255 255 248 179  73 172 253 255 255
255 255 217  78 246 234 192 255 255 255 255 237  73 229 255 255
255 253  92 188 240  96 175 255 243 124 212 255 179  91 253 255
255 222  50 249 105 149 253 255 248  35 195 255 248  37 225 255
255 191  86 247   1 244 255 255 255 255 255 255 255  74 197 255
255 191  87 247   2 245 255 255 255 255 255 255 255  75 197 255
255 220  52 251  97 153 254 255 250  37 198 255 250  38 223 255
255 253  86 192 238  95 182 255 241 112 207 255 183  84 253 255
255 255 214  77 255 233 188 255 255 255 255 246  71 228 255 255
255 255 252 156  77 192 251 255 255 249 188  78 164 253 255 255
255 255 255 252 215  86  52  87  86  50  92 217 252 255 255 255
255 255 255 255 255 253 220 190 191 222 253 255 255 255 255 255
255 255 255 255 255 255 255 255 255 255 255 255 255 255 255 255
